# oST version 5.0 parameters


[image]

width
640

height
480

[narrow_stereo]

camera matrix
289.370535 0.000000 288.663249
0.000000 289.357191 245.345861
0.000000 0.000000 1.000000

distortion
-0.413771 0.107378 -0.003363 0.000452 0.000000

rectification
1.000000 0.000000 0.000000
0.000000 1.000000 0.000000
0.000000 0.000000 1.000000

projection
249.586951 0.000000 365.953427 0.000000
0.000000 306.136455 251.457949 0.000000
0.000000 0.000000 1.000000 0.000000
